Eth = 1.1
A = 0.04345371199422121
io = 0.07270544643147589
B = 0.12673999197622327
iLim = 729.9999993067903
rohm = 1.8739472362633808e-05
iBreakpoints = [0.727054464314759, 4.611718247403625, 18.05990125406373, 52.5156588953503, 127.86338093748819, 416.33889352685014, 515.7968000542123, 586.49339701864, 636.7913728976697, 671.7013759664757, 695.1686694166607, 695.2380945778955]
vBreakpoints = [0.10018216097326706, 0.18113348522934464, 0.24282359104809836, 0.2954940689134972, 0.3491043050424178, 0.4830592068615203, 0.5407046861303023, 0.5970512008915889, 0.6553200751692647, 0.7171135130880968, 0.7838845956895023, 0.7841418030044961]
ncells = 440
area = 486.66666620452685
CdL = 2.4333333310226344
